1.000000000000000000e+00 7.516064394430211903e-01 6.779446425536039822e-01 6.340777610738279613e-01 4.855192730871304985e-01 5.693271082485128476e-01 6.399170518948814612e-01 8.360133282477504313e-01 5.215084429002542210e-01 7.604713631690687148e-01 8.063696406337732547e-01 4.380321625215637393e-01 4.687746348482523251e-01 3.869560307472856286e-01 4.832339317678742141e-01 5.176603809617523755e-01 6.814594035027159435e-01 3.857972609270882147e-01 4.879937788092584272e-01 3.648086364685398375e-01 4.718014333693981155e-01 5.710784938972668368e-01 2.651348617867521074e-01 -2.974283333119690301e-02 1.612875663238012847e-01 1.762060441883549766e-01 5.769830633134569453e-01 5.946973635586975115e-01 4.761965144732716038e-01 3.868363015779526792e-01 3.342123728602628407e-01 3.505170628761394847e-01 4.698325840373455131e-01 3.289436852611775652e-01 2.488888016585752427e-01 1.426517005613568423e-01 2.465034782765402610e-01 1.101006826886121864e-01 1.536638755136853773e-01 2.310788482369204588e-01 3.774300145306457854e-01 1.119918342941156053e-01 1.627025133130811929e-01 6.060299617777833124e-03 9.492332154547719614e-02 2.803776984023522711e-01 4.402371592079887264e-01 4.241904976786480264e-01 4.606935723016111761e-01 3.570955528662990153e-01 2.121134763944650670e-01 2.099235304333328944e-01 4.746956130167607757e-01 4.147456478299648142e-01 3.765500581777087019e-01 5.010606242007669131e-01 3.421117271875119825e-01 3.276120102291426028e-01 4.835786121939659316e-02 1.278149946166236839e-01 4.751298750249220992e-01 3.590386173021623550e-01 2.781188986616844327e-01 2.601139958554949394e-01 6.790049555378412371e-01 6.545654889865584192e-01 2.881143297840101924e-01 4.087571878548613702e-01 6.261269725987067547e-01 3.853048535328275070e-01 6.318946036657649978e-01 6.145791054133072917e-01 6.846573843350620692e-01 6.440822065377151961e-01 6.312504092030463143e-01 5.154076239530092085e-01 5.709462763508179606e-01 3.297658579909089616e-01 3.675513916077010057e-01 3.694921243292863533e-01 3.659739185342999468e-01 3.801773222869199165e-01 3.486523447144812549e-01 4.066954090470776273e-01 4.713821095717024567e-01 4.591619725992849843e-01 3.311413002365870550e-01 4.164992649305870320e-01 3.330402008281101445e-01 3.339329265705539562e-01 3.298529711095030126e-01 2.077116868512980108e-01 3.008166798248980700e-01 2.112772718026314223e-01 9.813123938793208434e-02 4.821228951846452393e-01 2.416993482652523284e-01 3.839311271201425457e-01 1.989925709977823920e-01 5.986396580486129659e-01 4.456818058926704795e-01 4.841206094268490912e-01 4.323071197725650294e-01 2.462545973358149509e-01 5.588541612616798604e-01 6.334256536901696766e-01 5.229042806178572089e-01 4.582631525766100444e-01 1.365467314106200702e-01 3.399813456195026062e-01 8.527958914629482634e-02
7.516064394430211903e-01 1.000000000000000000e+00 6.736312654264926536e-01 6.443487781010868165e-01 4.166706694455696858e-01 5.756076402524836766e-01 6.060903110083479817e-01 6.369600689320596976e-01 6.370097514596376742e-01 7.122121038460424991e-01 6.845237441004268231e-01 3.962386758015147281e-01 4.799929768248477613e-01 3.083448002079882677e-01 4.597341851239626354e-01 4.942849375046914906e-01 5.748502309577397940e-01 3.463536306286746913e-01 4.482772439054897307e-01 3.408746818837011250e-01 4.664219024222318044e-01 4.833203518318759939e-01 3.725514777236485497e-01 -1.226451562902584023e-02 3.000214040043568953e-01 2.323289175519782368e-01 5.088299772189128767e-01 5.131955071633240717e-01 4.373576278347678370e-01 3.212656018840100991e-01 2.577639211316812284e-01 2.853015666899699210e-01 4.375161679289252814e-01 3.417550006041416566e-01 3.170028211520410366e-01 1.761559062653025587e-01 3.435797798100238554e-01 8.086761691678556740e-02 1.664071069163829686e-01 2.581823417474554683e-01 3.473428741950056464e-01 8.803210108122677680e-02 2.821599844540216284e-01 1.374946611432456833e-01 1.642311984522824009e-01 2.884294363193179445e-01 3.242198338511191325e-01 3.456760410399991601e-01 3.091304539759892056e-01 2.279902097857004761e-01 4.300500708620719204e-02 7.390332118634518332e-02 3.110272295499647566e-01 2.811170638872180216e-01 3.618547203057012607e-01 4.076282057089138378e-01 3.249008140072934814e-01 2.577432088137745492e-01 8.411287856322662015e-02 1.472043306383226391e-01 4.043003599075021826e-01 2.553497698102820124e-01 2.168346417416022742e-01 2.829653820324712354e-01 5.090131519269902594e-01 6.467571416896783498e-01 2.817711207264009254e-01 3.244147882828404272e-01 5.199950019048371619e-01 4.088845841297010786e-01 5.789788057937638177e-01 6.070341620683250561e-01 5.239420167210930845e-01 5.178937288097239522e-01 5.129717773556032867e-01 3.999837392376114353e-01 4.153484074209521926e-01 2.991788653693986944e-01 3.745914969802216499e-01 2.804648444488145875e-01 3.748177603880020747e-01 4.813825861331587630e-01 2.272376758652276396e-01 3.582814008096384950e-01 5.416879978774855608e-01 3.255833808351327185e-01 2.324604463998078685e-01 4.424911771247247994e-01 3.496559085543882728e-01 4.293208593575643661e-01 3.938308292455074411e-01 2.496994901553850343e-01 2.643553989330954535e-01 2.056295410115042133e-01 1.091414695495450393e-01 4.666178092474984607e-01 2.595038964590261621e-01 2.764007602009880826e-01 2.411855203947612658e-01 4.089595771571721272e-01 3.649784809527164553e-01 4.091487156556514737e-01 3.499320421530091041e-01 1.845570238893439741e-01 5.430520838479460100e-01 5.066744419253430554e-01 4.479988176152013279e-01 3.927644749965537030e-01 1.247973519036320728e-01 3.063670837314611539e-01 8.503352951812459537e-02
6.779446425536039822e-01 6.736312654264926536e-01 1.000000000000000000e+00 7.018014247431664243e-01 6.695301061455291025e-01 8.231520823484920202e-01 6.396311647439933967e-01 5.401224335883262340e-01 4.577830888839691803e-01 7.978307217196217715e-01 6.281112168439499932e-01 5.676201446316000432e-01 5.777142780983242076e-01 2.817395072194224803e-01 6.618983023865441240e-01 6.341403084045252880e-01 8.681192247801674533e-01 7.955191098396482419e-01 4.429071520077920154e-01 4.408197611406814986e-01 5.709755654810112491e-01 5.583001097925972545e-01 5.127330050230644032e-01 8.961567443754051010e-02 4.252237646183321118e-01 1.256691897274297975e-01 6.284793916199101771e-01 5.776921768970612048e-01 7.628759315220406956e-01 5.442470589512545809e-01 6.407968050359933443e-01 5.397819813417131796e-01 7.814790841842412794e-01 4.491143489113607612e-01 5.011335251267082791e-01 1.637351749634357867e-01 5.105866096031327350e-01 1.290223210028127176e-01 4.345942229165453141e-01 3.263432690201840125e-01 5.364163955485163893e-01 1.146153964186449048e-01 4.190783139381246136e-01 5.414832514639046288e-03 3.490842165788697882e-01 3.579257419307844690e-01 4.864732535035297678e-01 5.016876173886978263e-01 3.770774835551334858e-01 3.527914177910434490e-01 1.495301324860269232e-01 2.970458053775962282e-01 5.592111516812467986e-01 5.133506595954864249e-01 5.136313972939465788e-01 4.724950359886755935e-01 3.847577989328617720e-01 3.344040645043514504e-01 2.879248670972978097e-01 2.905104422033589207e-01 3.766666911642245208e-01 3.360646669973017531e-01 3.983659757491044284e-01 3.844842752096570559e-01 6.517020924719569841e-01 6.050035325153022558e-01 4.667798086191951579e-01 3.844173466176985521e-01 6.973736606786177239e-01 4.704982675052689634e-01 8.029266486313109130e-01 7.566488811230476230e-01 6.649342473635438955e-01 6.205005593845833722e-01 6.356790707100354876e-01 5.589819363263829333e-01 4.599220641811360144e-01 2.292817842693612995e-01 6.092219370030154124e-01 4.900405349647625752e-01 5.916650525666480309e-01 5.765320035347506478e-01 1.859360582888431312e-01 4.223206131080786130e-01 6.047230840000109575e-01 3.993930737164747002e-01 3.441436336824467701e-01 6.381499421402905270e-01 5.670484721398501016e-01 5.203452380462325610e-01 4.599097022144544855e-01 4.109217988139352573e-01 3.909714728005059814e-01 3.649057495928139105e-01 2.102160565976294582e-01 6.620760430434672328e-01 2.870395831142428245e-01 6.752111901370848601e-01 5.007098364006589142e-01 5.608581226252208340e-01 6.308733818251607284e-01 8.148402525809275154e-01 7.359092348468607714e-01 5.497046104077651929e-01 7.680039437484703635e-01 7.812476152977573252e-01 7.395855868733373084e-01 3.686657961098294689e-01 3.113076911324901830e-01 4.468306606202903652e-01 2.306792578568701846e-01
6.340777610738279613e-01 6.443487781010868165e-01 7.018014247431664243e-01 1.000000000000000000e+00 5.015484896186714892e-01 6.195621511853325325e-01 4.445392821036056041e-01 5.274142039192644127e-01 3.635697473742847130e-01 7.223298118321611616e-01 5.466004528653634065e-01 4.199480240320503932e-01 5.001316758644503979e-01 6.375644564342368426e-02 3.980870611774507961e-01 3.170192666766540324e-01 6.848670689755179675e-01 4.534186961149070938e-01 2.589459167420656849e-01 1.597432034633937681e-01 4.156660268029481742e-01 3.245353195104219157e-01 3.538188353087281524e-01 2.120037173253794607e-02 3.062143672139277517e-01 1.902326565376993017e-01 5.116691064789126164e-01 5.345627557791648998e-01 4.038535559215801762e-01 3.369591221134112802e-01 3.187729429783682233e-01 2.466078124113655623e-01 4.770155687443133896e-01 2.550399168142061246e-01 2.201711076523704680e-01 4.062950829278488135e-02 3.428366420110204316e-01 3.162075171502999171e-03 3.028639950250540114e-01 1.150652012691972120e-01 3.726381004656363349e-01 1.630197948171226707e-01 2.451599969680971769e-01 -7.656183363770545369e-02 7.671327114867067254e-02 3.113358473511023128e-01 3.494006434402812666e-01 4.451216057699087236e-01 2.671696619475416590e-01 2.977300074563697940e-01 1.187912938499471605e-01 1.636602701174335039e-01 2.680542202944691255e-01 2.029017308445612566e-01 3.581213246778420234e-01 2.350284115855151290e-01 1.940541612181460873e-01 1.272040930492902566e-01 -1.309375980357887180e-02 4.328352097643678453e-02 2.913254336742930328e-01 2.252399073748575509e-01 2.022214422409713552e-01 1.475536610104898616e-01 6.158014558192611565e-01 6.128927417431171421e-01 2.014863612698460926e-01 2.268834916430433335e-01 4.261031709616787677e-01 2.566812880181744694e-01 5.480488708709851942e-01 4.815432021230202086e-01 4.146785062670914068e-01 3.939436799774236886e-01 3.409024326117037762e-01 2.566216062337691728e-01 2.931291158390953999e-01 1.279842169242240979e-01 3.660418756468544199e-01 2.697823905997059346e-01 4.483843749131651846e-01 4.358261644656847289e-01 2.241457474922989024e-01 1.702199866281156049e-01 3.757968572983895195e-01 2.974506975190575608e-01 1.871885720663099828e-01 4.234855632099673306e-01 4.585963325506977051e-01 2.210221834938751739e-01 3.223685816597829379e-01 1.320714184956935933e-01 2.033905022847804778e-01 1.172471424692466679e-01 2.583048689443595211e-03 4.844973737007826076e-01 2.714746222292566680e-01 3.573264656002848039e-01 2.666182732113533960e-01 3.026154956328925283e-01 3.276172248986929936e-01 4.114982504037259514e-01 4.327482302206645537e-01 2.747387323307219353e-01 4.891560335858101682e-01 4.789440362430171239e-01 3.714966484677290626e-01 2.681666658517616320e-01 1.480910790559749335e-01 2.075397404051423922e-01 5.405948777588345106e-02
4.855192730871304985e-01 4.166706694455696858e-01 6.695301061455291025e-01 5.015484896186714892e-01 1.000000000000000000e+00 8.092510920176153588e-01 5.036808284184653983e-01 3.199724092195887493e-01 3.319856135751204085e-01 6.901708299300791660e-01 3.755939535318058020e-01 7.585150477484653431e-01 7.326077474583394533e-01 1.145857483769636559e-01 5.159911198314968139e-01 4.645450475704274718e-01 7.699263105535986140e-01 6.259052026648292966e-01 4.529260578309891594e-01 2.420841824577479040e-01 5.270331995210881804e-01 4.402544019052737068e-01 4.640239143873002292e-01 1.479913425564393925e-01 4.323371164945588596e-01 1.802592735010455638e-01 4.726926466252794334e-01 4.942988467783198669e-01 7.067056379456888582e-01 6.387227921011291443e-01 5.552290512591649962e-01 4.324333276517819957e-01 6.434303926831578258e-01 4.572209983916153964e-01 4.927563374745460578e-01 2.387469164713483250e-01 5.486521650377467196e-01 2.943187715723395437e-01 6.245592894719599331e-01 4.341435876022778362e-01 5.803536655100441921e-01 3.010074756032047882e-01 4.356379881065235993e-01 -1.465188157573441875e-02 4.810472201109664558e-01 4.620909450097114846e-01 3.597594694063877552e-01 4.998571330687193170e-01 2.884368231221863810e-01 3.810049237785998466e-01 9.428148351379356251e-02 2.374032034906801703e-01 4.067945333382813056e-01 3.282617659524905140e-01 4.307636762869940794e-01 2.589333738731585122e-01 4.753580072822325975e-01 4.352601082041922531e-01 4.780332193444689626e-01 4.850990639143770711e-01 4.430670199207465965e-01 4.011400592653706632e-01 5.440273876475361092e-01 3.168001863650862227e-01 4.621838889253335747e-01 3.221253540375428326e-01 3.955837151618675773e-01 3.494343490349869352e-01 3.971497236523122698e-01 2.381512646554200807e-01 4.460643302216227846e-01 3.751464332656999634e-01 5.152310263225489129e-01 5.282699111870214903e-01 5.210751655992669207e-01 4.958262989785691133e-01 4.134094899676722390e-01 2.201288825699685425e-01 5.568557241753238074e-01 5.421953440093223442e-01 5.744057357102139161e-01 6.512277322194161000e-01 9.427140700901288917e-02 2.194376967649261378e-01 5.582699072881746050e-01 4.140180202152824451e-01 4.283867194568948267e-01 6.320254462904350001e-01 7.021901079824507397e-01 4.608213687765072009e-01 5.817003513819672955e-01 5.016062451753134921e-01 5.600031667517747502e-01 4.569261275601921302e-01 4.133355431788083845e-01 4.557762126801294111e-01 3.687327487806912329e-01 4.165982344640014046e-01 3.293811870924609475e-01 3.532753685103083852e-01 4.596597719478590083e-01 7.042821540511140510e-01 6.432140209353942595e-01 4.726680054871073566e-01 5.646849179855787382e-01 5.837276423517560042e-01 5.401083015604257742e-01 4.198619950818883728e-01 4.143670260230982172e-01 4.930808441810590748e-01 4.204435539555866908e-01
5.693271082485128476e-01 5.756076402524836766e-01 8.231520823484920202e-01 6.195621511853325325e-01 8.092510920176153588e-01 1.000000000000000000e+00 5.751934768261410813e-01 4.026438762100729707e-01 3.945399986457299168e-01 7.593428401862655219e-01 4.660828921986308604e-01 7.347611971441547762e-01 8.019429314962394084e-01 1.220609178067826039e-01 6.652851423135411890e-01 6.360134103534488270e-01 8.068921486826224898e-01 6.981496508160871528e-01 4.906435658513187970e-01 4.050460792068941163e-01 6.673737466990848910e-01 5.822911337979889135e-01 6.336394933047927447e-01 1.826740827546209089e-01 5.333459944206875303e-01 2.814153244627982664e-01 6.225865992330104071e-01 5.841747224568007990e-01 7.838511721929093401e-01 6.917234392816631328e-01 6.373745421116235876e-01 5.261179035016405603e-01 7.033171383616141359e-01 4.592245779218418478e-01 5.616184037800711071e-01 3.467084847303568140e-01 5.877621634833912756e-01 2.727387453446693533e-01 5.820729503558439433e-01 4.398991986783794550e-01 6.240298624573421549e-01 2.780135644294623454e-01 5.046451390516514257e-01 9.975005818943928626e-02 5.283967527257358299e-01 5.005528335853243194e-01 5.346740480083664870e-01 6.144107163521798087e-01 4.136536610064158737e-01 4.759913688248523234e-01 1.790840199822237577e-01 3.558067677963171471e-01 5.256327999763708014e-01 4.599900798057260931e-01 5.606914243115653784e-01 3.538402798947286598e-01 5.539628112346655087e-01 5.333249063129406053e-01 4.543250506039240300e-01 4.888876833436096025e-01 4.625198297176500439e-01 4.100400692477389475e-01 5.974341521851507242e-01 4.074088758409104560e-01 5.836791911323419013e-01 4.372730757547528824e-01 4.367499090957940866e-01 3.993333965747272174e-01 5.093830573538229434e-01 4.001597278980560946e-01 5.695731447708047845e-01 5.393712726110008182e-01 6.293963053847944078e-01 6.210363137135673783e-01 6.488742115795211873e-01 5.804589282794703209e-01 5.079638604724462381e-01 3.178692272445809430e-01 6.874367092854689609e-01 5.820628053575571670e-01 5.843722763510540430e-01 7.397117607636725101e-01 1.380263553912715047e-01 2.165490962717195322e-01 6.958206516724090296e-01 4.341377722110110748e-01 4.395553078848966067e-01 6.892814991641135203e-01 6.929460091476413730e-01 6.240930387123138079e-01 6.298400690224109644e-01 5.503525422329306194e-01 5.751839223197542372e-01 4.985288348408237202e-01 4.437626188428483998e-01 5.672749921204328638e-01 3.784622076145662817e-01 5.360816247786659439e-01 5.347179834688039479e-01 4.969479212859452266e-01 6.362257924513897711e-01 7.727870648762437122e-01 6.996057558797840192e-01 5.108824389105606212e-01 6.527211261952868826e-01 7.207312265723545552e-01 6.450673704497793537e-01 4.373029550538205523e-01 3.756555584245032109e-01 5.650128473177075117e-01 4.509165516067496493e-01
6.399170518948814612e-01 6.060903110083479817e-01 6.396311647439933967e-01 4.445392821036056041e-01 5.036808284184653983e-01 5.751934768261410813e-01 1.000000000000000000e+00 5.453521146200059899e-01 5.453412511521517070e-01 7.506626847213495601e-01 6.838505046311429414e-01 6.024008959804283414e-01 4.801453193519512608e-01 5.660624928986434101e-01 4.183773186647957165e-01 4.699479576948256132e-01 5.714438638602193921e-01 4.660269907788626154e-01 3.739733714118337327e-01 4.123842771889612568e-01 2.839786450878344359e-01 4.800298857207351833e-01 1.643492007730935900e-01 -2.326614163299721982e-01 2.353171175872319221e-02 -1.726836495073333019e-02 3.747258231382170623e-01 3.260957956980921058e-01 5.510284467174038081e-01 4.255131934675306926e-01 3.886117456129867809e-01 2.907037602542966725e-01 4.420853697811619187e-01 2.837842947060775223e-01 2.781342139663285917e-01 1.933216826475544770e-01 2.454689002557078059e-01 1.100838007056531148e-01 1.574448635349350312e-01 2.819542558247541408e-01 3.719512164043051738e-01 1.059853986317964292e-01 2.669381962368457262e-01 1.981649123615919217e-01 2.612321143878573726e-01 2.257128805452328357e-01 2.955655222567324936e-01 2.216482712748369943e-01 3.514585951522716245e-01 2.851334869262474592e-01 6.337759655747175758e-02 2.956068967727020977e-02 4.807168817939699301e-01 3.211965270745781309e-01 1.911111879686777926e-01 4.112230995788973553e-01 2.736961039880739799e-01 2.203293339054887834e-01 1.999951159363531628e-01 2.433142833372113623e-01 4.755950881381765250e-01 3.730427136121139964e-01 2.642863688560250224e-01 4.900870918607925786e-01 4.892029372421817235e-01 6.258632006135946835e-01 4.201682237189742208e-01 5.908967256832164949e-01 4.737590152931179244e-01 2.716262950268337750e-01 6.153493917350068010e-01 5.967977485639954782e-01 6.355126728099823596e-01 5.488889904486136118e-01 6.216850048112055882e-01 4.708234418969894919e-01 6.177803729919452147e-01 2.900766249601073321e-01 5.007306270398651504e-01 3.829955131367150933e-01 3.297454634880873647e-01 4.628735586852619766e-01 -2.897568751761688335e-02 2.315574676360180328e-01 5.222743471161439555e-01 5.576437704502792414e-01 4.426950724883109145e-01 4.784066281664233755e-01 3.485864702214536703e-01 4.365479540685601734e-01 4.484739773575837085e-01 3.500084287684063766e-01 2.774839644395732385e-01 3.842975282870210174e-01 1.778520486413075752e-01 3.801851420670191439e-01 4.944296069681888145e-02 3.851960267406512872e-01 9.650984495481294834e-02 4.739156193224385305e-01 3.897777853240642076e-01 5.034460196863694836e-01 4.602244727798256441e-01 3.391567649978976529e-01 5.479875894521945012e-01 5.926636850174645810e-01 5.510816324654861376e-01 4.400004505732301174e-01 2.284402410948654927e-01 4.578313301425810944e-01 1.700365303736238176e-01
8.360133282477504313e-01 6.369600689320596976e-01 5.401224335883262340e-01 5.274142039192644127e-01 3.199724092195887493e-01 4.026438762100729707e-01 5.453521146200059899e-01 1.000000000000000000e+00 6.684948786535915843e-01 6.835903599337889158e-01 7.604399458816720747e-01 3.456964105155545530e-01 3.605861848044008000e-01 4.151037654570534641e-01 3.447807094689822605e-01 3.801453167902008601e-01 5.209914585625110561e-01 2.374768509297644492e-01 3.871500731727384736e-01 2.276783664719192746e-01 3.699299753352107700e-01 3.754894116686817163e-01 1.091642145802259184e-01 -1.924390597087866084e-01 6.485685280928574215e-02 -3.663081485421982447e-02 3.870605771069355328e-01 4.150160579323569077e-01 3.201320311292352727e-01 1.410076059400572346e-01 1.459635120384093210e-01 1.176938351485459083e-01 3.059978732950215385e-01 3.916069485335093442e-02 3.528707548131114480e-02 -5.698164329172702297e-02 3.747548509803835109e-02 -2.023795240009736152e-01 -1.905888448322733218e-03 -1.189621174614073282e-02 2.261147989758370558e-01 -1.281571384888401943e-01 1.052092746964759101e-01 -8.876389152121044734e-02 3.182131233037361479e-02 3.242504104440909612e-02 2.659555364236904085e-01 2.573796133376889950e-01 3.022642081697167749e-01 2.418739528821232387e-01 5.050546060357175016e-02 1.572050771519024337e-01 4.110954047772268360e-01 3.366611994145460862e-01 2.041704330054940897e-01 3.948141353596164027e-01 1.237922277420610007e-01 1.151429198694543798e-01 -4.007605049749368709e-02 3.165449915134636860e-02 2.147263019639908954e-01 1.194148489891311282e-01 8.127566271478045556e-02 1.095197950740329912e-01 4.995972506251268874e-01 5.307670268392374879e-01 1.723298386686070438e-01 2.651175048291398717e-01 5.448830581887321722e-01 2.207448415973603251e-01 5.477886518073578070e-01 5.163538173374753182e-01 5.571849478190583627e-01 5.236670805429169961e-01 4.854533622128363590e-01 3.956919739084560628e-01 3.800334814894624769e-01 1.688834968489002220e-01 2.401080117690539417e-01 1.254721300370385262e-01 2.996159859384718849e-01 3.070588965577155660e-01 2.401959334368438947e-01 3.903126716282665498e-01 3.657811175077269050e-01 3.152335225011960174e-01 1.610438098591891465e-01 3.179530631366258020e-01 1.258893134418391513e-01 2.682490615132079315e-01 2.036173275094280422e-01 1.316201587225715175e-01 9.397352150846592644e-02 8.782930689620929710e-02 -2.286314108334433493e-02 4.028132382039152359e-01 6.810923645681970541e-03 2.054637970358445254e-01 6.965765787200134396e-02 3.787263482106436041e-01 2.969864706471893046e-01 2.899822595678060999e-01 2.252466643666735657e-01 4.277552782893049438e-02 3.699603051445333191e-01 4.570000667966494512e-01 3.366730752590268994e-01 1.770470128336088245e-01 -7.680140031392952704e-02 1.565833686527189905e-01 -1.020778518908901783e-01
5.215084429002542210e-01 6.370097514596376742e-01 4.577830888839691803e-01 3.635697473742847130e-01 3.319856135751204085e-01 3.945399986457299168e-01 5.453412511521517070e-01 6.684948786535915843e-01 1.000000000000000000e+00 6.106694767069406060e-01 5.270839126579984768e-01 3.571210177912755857e-01 3.083048202458981701e-01 4.204991165911771689e-01 2.193245817382979967e-01 3.694409471462225536e-01 3.703059845197541611e-01 2.549670775050156268e-01 2.022024374222187448e-01 1.693613852404231845e-01 1.980388132046285166e-01 2.095548989584239130e-01 3.455776680477206514e-02 -1.851747122590960137e-01 1.704203986617635475e-02 -2.201485594230458975e-01 1.340419100648425621e-01 7.206545769260244705e-02 2.190618128883164428e-01 1.428161600752097041e-02 7.153247565031775612e-02 3.958436944365582855e-02 2.459509613567092412e-01 -3.482524433932732491e-03 2.249343307211733312e-02 -5.807722295997812256e-02 3.196729108419812948e-02 -2.226601357132054759e-01 -3.665406435200077584e-02 -1.554212136497903213e-02 -1.218648875041095613e-02 -3.134952692206982583e-01 1.327899264062828988e-01 -1.293698291407984202e-01 1.772178095902581657e-02 1.353492713227248123e-01 -3.106799885581644841e-02 3.601621547085259029e-02 -7.183040335296210412e-04 -3.033030174323953637e-02 -3.356611440286587644e-01 -1.925872376961475507e-01 9.754060530876355883e-02 9.743630105175331291e-02 3.218434759664196704e-02 2.050626089240255301e-01 3.846469031575461966e-02 -8.919749596006953246e-03 -1.429586097019899284e-02 3.436831020944697279e-02 1.283668750071416120e-01 5.826650486681713564e-02 8.139815583654531894e-02 1.988259333939164097e-01 1.945401722679890866e-01 3.830404578004705796e-01 3.781819247210469470e-01 3.449583961996255943e-01 3.409316371402753565e-01 1.692640975180240426e-01 4.221191416822747122e-01 4.016310776698199803e-01 4.444470710254115331e-01 3.431481695389425601e-01 4.305358657720156912e-01 3.013792439352898089e-01 2.567460541721480749e-01 7.535559444330300338e-02 1.903381771745350226e-01 4.357626901467866881e-02 1.221427739133996021e-01 2.663408446750116787e-01 4.795868710345756875e-02 2.131244460898070181e-01 3.967844700974470507e-01 2.643764863709866519e-01 8.904868442542702989e-02 2.242541164088170669e-01 7.176707578429924669e-03 2.816048684411266434e-01 1.857675919865849345e-01 1.752724181252605096e-01 4.328182457050738091e-02 8.555967172968000078e-02 -2.408068289703464357e-02 2.928738153522500998e-01 -7.575204730801644859e-02 8.710773019228953973e-02 -6.181137941929478602e-02 1.337989413686469786e-01 9.892590675263882027e-02 2.201133979612701908e-01 1.436071377343522137e-01 1.223195782797312225e-01 3.369208737160320211e-01 2.855319055964406494e-01 3.064520971172899899e-01 7.641989425537916436e-02 3.449273844667802985e-02 1.768487598691977358e-01 -8.851105817935016329e-02
7.604713631690687148e-01 7.122121038460424991e-01 7.978307217196217715e-01 7.223298118321611616e-01 6.901708299300791660e-01 7.593428401862655219e-01 7.506626847213495601e-01 6.835903599337889158e-01 6.106694767069406060e-01 1.000000000000000000e+00 7.394095846307773279e-01 6.595056707918778294e-01 6.023921664377724916e-01 3.669233904926375578e-01 5.098128026392713119e-01 5.104517438177792465e-01 8.086819126579093409e-01 5.913349292675920132e-01 4.058845935735393984e-01 3.293323542450810049e-01 4.569685212731378621e-01 4.996592088131961429e-01 3.628904015150303808e-01 -6.483071294717615562e-02 1.888376924949788649e-01 1.119711434463706995e-01 5.517413119282983391e-01 5.243144827978916123e-01 6.056758465417513282e-01 4.375061643280313550e-01 4.625674825872737039e-01 3.344153673014259587e-01 5.762868461763790418e-01 3.268494005655975254e-01 3.386420148600954305e-01 9.495827834821644886e-02 3.329951997495615434e-01 5.348653261096437267e-02 3.216269452125715689e-01 2.545422035125376459e-01 4.443221077926761131e-01 8.477277163041033181e-02 3.155031189444008621e-01 -3.046896441722637267e-02 2.716990023073785343e-01 3.676994663062062019e-01 3.954268977916102212e-01 4.140393119861395799e-01 3.756300563794485181e-01 3.272549865845732486e-01 6.248460967441255703e-02 1.104363350412963241e-01 4.405775148277131792e-01 3.014375921131157710e-01 2.990441622531109234e-01 3.641924441483411212e-01 3.165306697663640700e-01 2.825406004835032681e-01 1.803443091830644607e-01 2.234919622149789120e-01 4.265980504115550742e-01 3.109765173587188403e-01 3.884697814488556333e-01 4.180382487541738357e-01 6.515081247139794529e-01 6.547965894549319099e-01 4.526139796466945864e-01 5.065487529851609994e-01 5.587275339285259212e-01 3.327923238861358879e-01 6.880146161862888965e-01 5.955183949488519479e-01 6.706308933301058373e-01 5.913427815753331540e-01 5.864318759529024705e-01 4.651220408648008009e-01 5.003683786226368335e-01 2.101342721791277790e-01 5.584308018277857055e-01 3.856792258499970871e-01 5.016099569315638496e-01 4.996004111535106706e-01 1.767414807550374278e-01 2.970226337109056480e-01 5.380854585576750893e-01 4.284275041933133799e-01 3.216562844619547668e-01 5.430451639662311480e-01 4.375278872538753139e-01 4.162161704855410482e-01 4.653745528296739931e-01 3.249352810360672250e-01 3.460049301670232169e-01 2.924569029210038473e-01 1.559143941806713785e-01 6.101505891576841645e-01 2.022881341553616208e-01 4.710383850467455003e-01 2.391580711756643718e-01 4.761189510031150207e-01 4.326034206925112868e-01 6.002792706041650828e-01 5.185592063311346145e-01 4.559527577551391042e-01 6.444350335348422165e-01 6.859333248669503558e-01 5.559520662711034955e-01 3.828887188385438067e-01 2.374289146645155446e-01 4.053247272426847014e-01 1.630345056413914362e-01
8.063696406337732547e-01 6.845237441004268231e-01 6.281112168439499932e-01 5.466004528653634065e-01 3.755939535318058020e-01 4.660828921986308604e-01 6.838505046311429414e-01 7.604399458816720747e-01 5.270839126579984768e-01 7.394095846307773279e-01 1.000000000000000000e+00 3.392689157094443964e-01 2.838662788524917713e-01 4.798591901676151350e-01 3.651166815805921284e-01 3.813741644639684347e-01 5.702758938479001172e-01 3.274065090390033683e-01 3.773567937212030099e-01 2.823428243980643515e-01 2.975136533685280305e-01 4.119796637763481484e-01 1.298483171525044166e-01 -1.390085150886152809e-01 4.595663354901327602e-02 8.362579122980845492e-02 5.356108422505887479e-01 5.428454660331829551e-01 4.045841791504880547e-01 2.509799141791998478e-01 2.383851559636247508e-01 2.037127672440071924e-01 4.075249840897786080e-01 2.172595909949449344e-01 1.475686790159047856e-01 3.701926654315472465e-02 1.513300918994354982e-01 -2.324524642731926743e-02 1.044330095711934470e-02 1.728781376975357387e-01 2.941358594749298727e-01 1.247792228583391450e-02 5.452625081959555642e-02 4.525483278740884824e-02 4.135775604863264031e-03 8.759469611685968826e-02 4.199700530785555608e-01 3.274453079466063676e-01 4.118584827239847312e-01 2.932795101503026247e-01 1.785614533089336098e-01 1.560063284313447096e-01 5.009956371858235169e-01 3.968822277331149340e-01 2.309565168157463322e-01 5.088640381905239485e-01 1.488495743809682692e-01 1.423077639313748699e-01 -5.029109375932119125e-02 8.189364721558916108e-03 3.418655580954315654e-01 2.190588552024469171e-01 8.788623584641626352e-02 2.437272624997209314e-01 6.098384070947552305e-01 6.446560244490047165e-01 1.982108128610928499e-01 3.088507862869792620e-01 5.640009019345970653e-01 2.346385870203731849e-01 6.299580524200144582e-01 6.044744262209491570e-01 5.379832495350307386e-01 5.472750243586549379e-01 4.693846954945589678e-01 3.569925461988702198e-01 4.519378618745820697e-01 1.937365436473173219e-01 2.421424881111092775e-01 2.488400156872971336e-01 2.763301132953983053e-01 2.496601509667755459e-01 2.007886426929751389e-01 3.724317553424646432e-01 4.053683125615732408e-01 3.489480902886303304e-01 2.015099637798297427e-01 3.127467602589460438e-01 2.554159175380415481e-01 2.187247530059493461e-01 2.295750705116551271e-01 7.397816745735567856e-02 1.266675103858885543e-01 8.289672731059818944e-02 -5.685958602076312401e-02 4.447518313137863721e-01 1.064318122722351656e-01 3.652666509265800610e-01 1.794401094712368971e-01 4.990835540576419316e-01 3.479443237737036565e-01 3.901187841858964056e-01 3.231357439316802083e-01 1.312493926009734302e-01 4.394874151924214045e-01 5.661151901913384910e-01 4.352439930361307607e-01 3.097592663566994808e-01 -1.188301940436249822e-02 1.829194136809605131e-01 -7.799436884119427538e-02
4.380321625215637393e-01 3.962386758015147281e-01 5.676201446316000432e-01 4.199480240320503932e-01 7.585150477484653431e-01 7.347611971441547762e-01 6.024008959804283414e-01 3.456964105155545530e-01 3.571210177912755857e-01 6.595056707918778294e-01 3.392689157094443964e-01 1.000000000000000000e+00 7.772569481746947062e-01 9.274369541135039918e-02 4.673302106062260930e-01 4.192753557824472344e-01 6.517426227940090744e-01 5.851780605824222770e-01 4.189286646732113817e-01 2.626054280564009136e-01 4.765482376123174046e-01 4.258378904721316083e-01 4.586078809391035405e-01 3.163441984310008670e-02 3.624041176219585658e-01 1.821245673947766985e-01 3.918773276245367532e-01 3.725030206928086618e-01 6.620730625298844041e-01 5.973409642715963308e-01 5.848948347631998113e-01 3.472408936846843597e-01 5.171356273367565537e-01 2.692535616908525165e-01 4.836328122259692663e-01 2.826597093649258485e-01 4.296945819014498791e-01 1.404202625113923630e-01 5.283659478172963997e-01 3.030157092621282300e-01 5.207118524540579330e-01 2.117703979744696152e-01 5.637212650500654787e-01 1.051006532810594557e-01 5.463654769927227539e-01 4.612315531637406485e-01 2.947626747259375346e-01 2.949558948947583192e-01 3.291821329608734525e-01 3.314323325841190271e-01 9.514008937487880568e-02 1.826699128863636667e-01 4.577428493440940382e-01 2.972206040177478581e-01 3.108880289823338083e-01 1.873990023550100303e-01 4.565344701319831167e-01 4.044438004341736614e-01 4.512994603633908586e-01 4.816854951074492908e-01 4.702878932926822797e-01 4.358076576618223896e-01 5.827777752283904711e-01 4.577118712316075588e-01 4.082220974477446251e-01 3.191153296508506543e-01 3.951812030064295600e-01 4.214812230450614705e-01 3.259418549378019780e-01 1.962241188960026639e-01 4.163856193390877425e-01 2.938157226082356854e-01 5.266758102615538562e-01 5.228373396480308077e-01 5.248207205851330714e-01 4.912913517922116724e-01 4.746233504844975526e-01 3.099687466680308701e-01 6.734746012705159490e-01 5.141414695947538194e-01 5.990296413141085186e-01 7.008259415460968977e-01 -1.992457288518903191e-01 9.885443182079663160e-02 5.324412583186701742e-01 5.217414846243718651e-01 5.020701289676764434e-01 5.972216244280064146e-01 5.110645463245468978e-01 5.918082949234798606e-01 6.470467189063597857e-01 5.584502001825993878e-01 4.901651109226530800e-01 5.173640683351977687e-01 4.062091269642246760e-01 4.460493025870965189e-01 3.061214471034943707e-01 3.897663270063412289e-01 2.743877084794810184e-01 3.294585070691620765e-01 4.724968173404324179e-01 6.201336582277223730e-01 5.508677487023870833e-01 4.635410583031918108e-01 4.826445336639451633e-01 5.708345257393595551e-01 5.134934008672493722e-01 4.321041737684130357e-01 3.895806956920880304e-01 5.344610341871699477e-01 4.096871725278984910e-01
4.687746348482523251e-01 4.799929768248477613e-01 5.777142780983242076e-01 5.001316758644503979e-01 7.326077474583394533e-01 8.019429314962394084e-01 4.801453193519512608e-01 3.605861848044008000e-01 3.083048202458981701e-01 6.023921664377724916e-01 2.838662788524917713e-01 7.772569481746947062e-01 1.000000000000000000e+00 8.187913012950021052e-02 5.435418272640254456e-01 4.827733241730367553e-01 6.220679289310454552e-01 5.192807192048271014e-01 5.028377594561369568e-01 3.650349413436626556e-01 6.376245099658278681e-01 5.367009163117452131e-01 5.906139614006862271e-01 2.285866580543115256e-01 4.895322707784789951e-01 3.895164061441459546e-01 5.776461640859035240e-01 5.872327080469240679e-01 6.428051449911591497e-01 6.812911432391207667e-01 5.102369651719578236e-01 4.244942899908718537e-01 4.958878681108782605e-01 3.356150080189323481e-01 4.319597526017294742e-01 3.374729166770240041e-01 4.744546273435607531e-01 2.529772032207023291e-01 5.210976816803798428e-01 3.693304899631677518e-01 5.683664366869927154e-01 3.726246437660144517e-01 5.819620222825355738e-01 2.660398741708088211e-01 4.924395470419358767e-01 4.701161405915910141e-01 4.617725494877454318e-01 5.618199950583668834e-01 4.366114217245045670e-01 5.159378576905481184e-01 2.335539817437787269e-01 3.429716709261611540e-01 4.766758808035675421e-01 3.717081303875958143e-01 4.770718212494486909e-01 2.625307627597371352e-01 5.543080958865280738e-01 5.487912262639486061e-01 4.277588015022803503e-01 4.746595702195825495e-01 4.135842685231261306e-01 3.199845982430152280e-01 6.047034229915840831e-01 3.705736119057284061e-01 5.400146388918009022e-01 3.516499316547291309e-01 3.898596451386059369e-01 3.581094722620348780e-01 3.299491268891559526e-01 2.676238978934928903e-01 3.644336236364830173e-01 3.332208150701153060e-01 5.268217469070365366e-01 5.328777518442007199e-01 5.305331110071924705e-01 5.060860753734751638e-01 4.138253288200562374e-01 2.865025675581338027e-01 6.340864466790373521e-01 5.893429882309352275e-01 5.316014896444111182e-01 7.910568068667651609e-01 9.343217694658083675e-03 4.026602567629670310e-02 5.931688792678418976e-01 3.809502497413154165e-01 3.845949142077126348e-01 5.688530290510657172e-01 5.824677286608017646e-01 5.956723468608403627e-01 6.256170714542244049e-01 4.849555827685472220e-01 5.002945952182504818e-01 4.673430240673957514e-01 4.243754079314419059e-01 4.565111710031293790e-01 4.078829030642120990e-01 2.991671998836021307e-01 4.177945568012302324e-01 3.917121349881260706e-01 5.505664026786505350e-01 5.912782811544079475e-01 5.638368915856859509e-01 3.181158891664674915e-01 4.472347945489719701e-01 5.461632815287291720e-01 4.758697585912616823e-01 3.616692618604464560e-01 2.943331241072841276e-01 5.061519787935754300e-01 4.564946626273749808e-01
3.869560307472856286e-01 3.083448002079882677e-01 2.817395072194224803e-01 6.375644564342368426e-02 1.145857483769636559e-01 1.220609178067826039e-01 5.660624928986434101e-01 4.151037654570534641e-01 4.204991165911771689e-01 3.669233904926375578e-01 4.798591901676151350e-01 9.274369541135039918e-02 8.187913012950021052e-02 1.000000000000000000e+00 2.382877464138491996e-01 4.038705599463346951e-01 1.993118546860015994e-01 1.380674562763284097e-01 2.388098807774242105e-01 3.911556335578167398e-01 5.855529898866408678e-02 2.801348265305143026e-01 -1.166805712251666183e-01 -4.128843820739026838e-02 -1.884498534864030017e-01 -7.349929201845571691e-02 2.509705450224737899e-01 1.847472246255935924e-01 1.240743321429926410e-01 8.368129656635082958e-02 2.782648805667554612e-02 1.793618607296883216e-01 1.792615264012017151e-01 1.384894258445891480e-01 -1.004342004873392813e-01 -2.083270201801042457e-02 -7.644186755304148949e-03 6.643392156357678935e-02 -7.839279477585819889e-02 1.898469589528097856e-01 3.144214551323032576e-03 -1.039065822561909547e-01 -3.323287690001372474e-02 -2.435464143392424008e-02 1.861929866249710866e-02 6.846494311052792048e-02 2.064485655588597091e-01 1.650507037738301319e-01 4.139035034611155406e-01 2.494706062017955639e-01 7.851528216244924030e-02 -4.032078063255988692e-02 3.275913523860081167e-01 2.686925621949600718e-01 6.457732700573999562e-02 3.750701999824780919e-01 2.234835036479841941e-01 1.942339318141201032e-01 1.047970077024164975e-01 9.804461327388265535e-02 3.138845472304364059e-01 1.706784117665030021e-01 1.127314154378289690e-01 3.721298396377503148e-01 2.047035551253288121e-01 4.004887734741411354e-01 5.208536713598185264e-01 5.237944085183724452e-01 3.308380127067838683e-01 2.027077786246333502e-01 3.384715755344840926e-01 3.442528264975228680e-01 5.264805508653738197e-01 3.937038079167196059e-01 4.915485711942910174e-01 3.791053961161491848e-01 4.668560711917240647e-01 2.049854515274060485e-01 1.941580363603867543e-01 2.721718760865703413e-01 -7.333010528866056033e-02 -9.343034038683807607e-02 2.302410492529840813e-01 3.310671897528432162e-01 2.422222882044259007e-01 3.998073210772962738e-01 2.421624861883644175e-01 -5.270203744766088078e-02 -1.000388068622490995e-01 1.635408640241454159e-01 -3.530069902912703200e-02 1.195433885549350983e-01 6.322671111385703979e-02 2.057816726773041838e-01 -7.187577734290913345e-03 4.397730250557876919e-02 -3.027226859774771392e-02 1.167889789817722901e-01 -7.322217785769917497e-02 4.460219668300456908e-01 2.061461080980435401e-01 2.143017707708994579e-01 1.788998802428119483e-01 9.330030277045893439e-02 3.018400247998274111e-01 2.883841322341954005e-01 3.216406859276461638e-01 2.541792252542540154e-01 7.366014426541539484e-02 3.202508001945170713e-01 6.132653544873992169e-02
